266523
56649
20971
134822
35656
35345
200020
48393
3847
394900
203544
204886
271103
21570
30992
202793
17602
137221
132611
12273
133734
53985
265265
4637
396414
394952
31370
25865
270871
19138
59067
39090
28736
47949
55482
54302
17853
58622
201668
14188
16463
201411
29871
33257
18585
9269
134986
42616
398102
25424
35282
202639
29240
267361
134723
393786
8753
55634
205321
12205
51325
36610
41412
273
55459
4152
55584
21118
44102
209564
16375
13075
39866
36665
207748
202876
198325
39134
395847
202629
63174
397527
52455
27795
3707
207896
206685
138230
135372
19515
264883
208992
31574
267602
49468
20395
7835
48540
198169
394548
265635
397959
51869
55433
138847
268673
398806
140080
398269
267600
62644
14570
394434
268683
51329
264553
396919
19574
5957
209993
51849
201498
10370
4323
268207
198675
51117
197574
43427
42459
202652
203578
59449
199627
23658
52817
24873
266666
43020
20103
208988
268860
36143
57751
138890
328323
199660
395044
42919
198568
44380
61233
204587
394241
40513
203882
137286
61725
49969
205511
268718
5969
27027
199615
5401
266152
204242
269584
22388
266133
205567
133360
39353
209962
48502
133891
22144
270060
31303
267632
393517
45846
37900
199117
46447
268573
17667
56256
205998
397723
265570
46032
27526
15466
271031
265626
398364
42491
22838
53806
45377
3464
208327
33315
35285
206630
35628
33311
40285
47029
37979
1475
135921
23764
2928
14355
50398
50179
46124
197441
4265
136144
17907
138122
264712
58028
394705
44619
134911
42142
49343
267513
139465
61509
135387
54712
22501
208431
197312
206281
134049
138760
210116
396292
41329
13251
16191
204698
54554
58092
16179
17577
25183
20200
19831
394742
33631
38330
11844
200295
268667
27948
264120
138312
21171
50205
133448
268260
140723
22580
41119
212623
4791
59975
48144
54796
63319
15198
212884
18728
47538
41385
393716
36764
45316
53139
203458
212745
201555
58001
60715
393614
269357
54037
11852
396854
21925
18602
43995
139944
328735
41137
208356
269302
7514
267018
112
45607
328262
43403
53069
132382
20980
19453
208177
140660
200052
197192
397234
48082
49848
396515
58906
199372
36102
197361
201380
397536
137300
8774
21918
60852
266155
4775
20493
24554
197077
139448
58234
206856
37348
393298
30312
395871
197284
41584
200823
269388
60552
1725
202765
34999
264163
41931
6772
25460
2924
43781
36358
266868
33934
203987
55133
26977
139221
13352
206187
2147
137125
43877
12527
57680
268413
21198
141057
47367
57363
265744
266375
139965
262403
327869
49767
264453
269612
56211
41185
206362
3284
207015
53181
271079
43986
262396
201627
135495
44900
48455
397680
18024
24237
48085
49336
10073
56678
60796
34621
19128
39250
33461
24290
38044
9554
136326
137952
132763
15516
14922
30694
393843
198731
263111
26443
11988
39551
3836
25831
58027
198345
395312
30286
199417
270683
327967
393525
63206
53501
51011
139045
27996
50564
207380
42809
14964
32799
19723
205691
63019
8794
14803
24129
63059
62973
132531
47090
271066
266095
37304
18544
202450
49596
32432
133715
394841
29726
22198
204061
32886
270740
204462
9774
45444
41166
60471
395576
38427
12664
44976
26820
28273
136785
51740
266220
131503
26831
40575
394519
62678
268444
9326
270639
397281
140422
53093
199363
138735
18209
202993
398129
395058
201195
269414
27573
397295
136595
204941
58920
203440
22534
136710
37376
27637
42977
44443
140900
201939
37369
138277
60190
200645
131917
34384
19835
23039
202405
136354
40229
49918
59793
201738
133284
47148
24207
13106
204997
27589
1380
394840
265910
207739
33921
62691
61467
267209
131293
262487
28563
41770
36481
395276
36153
46985
2847
9292
25111
27168
269018
197223
138079
51364
2024
517
208026
30373
395694
53088
393685
137868
17178
140037
204814
204582
59715
51437
262943
47028
42148
7959
17922
266034
22384
269590
327811
30459
45240
202860
397446
23852
136207
45139
46450
135725
262216
48576
49580
33527
16362
263159
205145
21525
48799
51197
31529
45794
201166
60055
205148
2685
135583
5576
34422
57914
50006
46810
9308
396062
29576
396275
12357
271127
45070
53954
33067
19175
197827
37025
37156
46875
39992
139946
14777
15142
268742
13775
56159
12926
207992
41480
25352
25753
268570
62286
197042
37715
208250
21348
35420
34139
49545
134644
54344
266483
131910
15557
18118
58422
208503
7018
267279
137366
38979
198710
62115
50289
29727
263433
4697
51767
31793
12505
199092
208820
43063
209374
60220
8867
208051
263113
45909
395675
62405
397690
213124
60396
328076
26638
6056
27345
199508
60083
39623
41692
22015
400
58477
52319
209894
132335
40999
53797
17666
262764
15478
47458
263089
